Imperial Guard
Kaskrin,75,15,0,2,350,3000,1500,6
Rifleman,50,10,0,3,300,2000,1750,5
Machine Gunner,60,20,0,1,275,3500,1100,3
RPG,60,50,0,2,350,3000,4000,3000,5
Sniper,30,60,0,1,500,4000,3500,8
Tank,1000,100,0,1,450,30000,10000,10
Loyal Marines
Bolter,100,20,15,2,350,4000,1750,7
Chainsword,200,0,40,2,0,5000,1000,10
Flamer,110,30,2,1,150,6000,5000,10
Heavy Bolter,80,25,15,1,300,6000,1250,5
Plasma Gun,50,50,15,1,250,5000,2500,8
Rocket,75,75,15,2,375,5000,5000,6
Chaos Marines
Bolter,110,20,25,1,325,4000,2000,7
Chainsword,250,0,50,1,0,7000,1000,10
Flamer,120,25,3,2,150,6500,5000,10
Heavy Bolter,90,25,25,1,275,6500,1300,4
Plasma Gun,60,45,25,2,250,5500,2500,8
Rocket,100,75,25,1,350,5500,5000,6


